scenario best median ucb eg10 ducb ts removed_vs_ucb removed_vs_eg10
gradual_relocate UCB-H2 17.645 34.580 124.976 24.566 79.952 0.490 0.859
drastic_relocate DUCB 107.748 166.347 184.116 107.748 205.936 0.352 0.415
gradual_flip DUCB 99.246 166.079 232.778 99.246 214.017 0.402 0.574
drastic_flip DUCB 234.639 350.979 377.942 234.639 444.620 0.331 0.379
gradual_die DUCB-H2 27.063 52.249 65.483 41.627 63.575 0.482 0.587
drastic_die DUCB-H1 35.814 126.788 155.223 40.312 154.693 0.718 0.769
gradual_nonlin DUCB-H2 2.802 8.481 21.927 3.100 17.367 0.670 0.872
drastic_nonlin DUCB-H1 5.119 18.916 39.192 7.830 35.356 0.729 0.869
gradual_noise TS-L5 0.903 3.971 10.036 7.283 1.226 0.773 0.910
drastic_noise TS-L5 4.207 5.372 13.179 11.319 6.039 0.217 0.681
